 25
  2
  3
 14
  1
 23
 17
 50
 end
     1.903
     1.728
     0.674
     0.540
     0.447
     0.228
     1.000
     1.200
     0.901
     0.848
     1.301
     1.224
     0.920
     1.400
     2.999
     2.113
 end
     0.000
  -320.100
  -320.100
   180.600
  -320.100
  -235.700
  -337.300
  9000.000
 end
     0.000
     0.000
     0.000
   644.600
     0.000
   662.100
  2255.000
   575.700
 end
     0.000
     0.000
     0.000
   644.600
     0.000
   662.100
  2255.000
   575.700
 end
     0.000
   328.200
   328.200
     0.000
   328.200
   262.500
  -195.500
  -159.000
 end
     0.000
     0.000
     0.000
   644.600
     0.000
   662.100
  2255.000
   575.700
 end
     0.000
  1744.000
  1744.000
   118.400
  1744.000
     0.000
  9000.000
  9000.000
 end
     0.000
   342.400
   342.400
  -122.400
   342.400
    64.420
     0.000
    32.920
 end
     0.000
  -128.800
  -128.800
  -319.200
  -128.800
  9000.000
  -222.700
     0.000
 end
 endint
           0
           0
           0
           0
           1
           1
           0
           0
 end
           0
           2
           1
           3
           0
           0
           0
           0
 end
           1
           2
           1
           2
           0
           0
           0
           0
 end
           2
           2
           1
           1
           0
           0
           0
           0
 end
           3
           2
           1
           0
           0
           0
           0
           0
 end
           0
           0
           0
           0
           0
           0
           1
           0
 end
           0
           0
           0
           0
           0
           0
           0
           1
 end
